Contig	Start(bp)	End(bp)	Start(cM)	End(cM)	Han-3	Han-1	Han-2
22	17711856	17713433	4.13352	4.17644	0|1	0|0	0|0
22	17713433	20211791	4.17644	11.5621	0|0	0|0	0|0
22	20211791	20214782	11.5621	11.5793	1|0	0|0	0|0
22	20214782	21344316	11.5793	14.5867	0|0	0|0	0|0
22	21344316	21376092	14.5867	14.6669	0|0	1|0	0|0
22	21376092	39673664	14.6669	48.9265	0|0	0|0	0|0
22	39673664	39729617	48.9265	48.9456	0|1	0|0	0|0
22	39729617	44699034	48.9456	54.4251	0|0	0|0	0|0
22	44699034	44706952	54.4251	54.4818	1|0	0|0	0|0
22	44706952	44707507	54.4818	54.4837	1|1	0|0	0|0
22	44707507	44715503	54.4837	54.5079	1|0	0|0	0|0
22	44715503	48021857	54.5079	63.5187	0|0	0|0	0|0
22	48021857	48067650	63.5187	63.5402	0|0	0|0	0|1
22	48067650	48814083	63.5402	66.1996	0|0	0|0	0|0
22	48814083	48818900	66.1996	66.2302	0|1	0|0	0|0
22	48818900	48840860	66.2302	66.3466	0|0	0|0	0|0
22	48840860	48872651	66.3466	66.4349	0|0	0|0	1|0
22	48872651	48990457	66.4349	67.1629	0|0	0|0	0|0
22	48990457	48991498	67.1629	67.1823	0|0	0|1	0|0
22	48991498	49179155	67.1823	68.2348	0|0	0|0	0|0
22	49179155	49186403	68.2348	68.2802	0|0	1|0	0|0
