Contig	Start(bp)	End(bp)	Start(cM)	End(cM)	Han-3	Han-1	Han-2
22	17219356	17226906	2.60108	2.60829	0|0	0|1	0|0
22	17226906	17342603	2.60829	2.76163	0|0	0|0	0|0
22	17342603	17351242	2.76163	2.82565	1|0	0|0	0|0
22	17351242	17784364	2.82565	5.03338	0|0	0|0	0|0
22	17784364	17789662	5.03338	5.04491	0|0	1|0	0|0
22	17789662	17797447	5.04491	5.15057	0|0	0|0	0|0
22	17797447	17799287	5.15057	5.15525	0|1	0|0	0|0
22	17799287	17985863	5.15525	5.85099	0|0	0|0	0|0
22	17985863	17987653	5.85099	5.87731	0|0	0|0	0|1
22	17987653	19612469	5.87731	10.0927	0|0	0|0	0|0
22	19612469	19627144	10.0927	10.1283	0|0	0|0	1|0
22	19627144	19729311	10.1283	10.6629	0|0	0|0	0|0
22	19729311	19733123	10.6629	10.7378	0|0	0|1	0|0
22	19733123	20195778	10.7378	11.5178	0|0	0|0	0|0
22	20195778	20204812	11.5178	11.5506	1|0	0|0	0|0
22	20204812	20219641	11.5506	11.6296	0|0	0|0	0|0
22	20219641	20223575	11.6296	11.6722	0|0	1|0	0|0
22	20223575	20949365	11.6722	13.427	0|0	0|0	0|0
22	20949365	20949759	13.427	13.4396	1|0	0|0	1|0
22	20949759	21416894	13.4396	14.8393	0|0	0|0	0|0
22	21416894	21417135	14.8393	14.8493	0|0	1|1	0|1
22	21417135	21432572	14.8493	14.885	0|0	1|0	0|0
22	21432572	22549863	14.885	17.0052	0|0	0|0	0|0
22	22549863	22551837	17.0052	17.0279	0|0	1|0	0|0
22	22551837	22762651	17.0279	17.8574	0|0	0|0	0|0
22	22762651	22777498	17.8574	17.8724	0|0	0|0	1|0
22	22777498	22877829	17.8724	18.07	0|0	0|0	0|0
22	22877829	22878861	18.07	18.085	0|0	1|0	0|0
22	22878861	22895171	18.085	18.2421	0|0	1|0	1|0
22	22895171	23017716	18.2421	18.5548	0|0	0|0	0|0
22	23017716	23018689	18.5548	18.573	0|0	1|0	0|0
22	23018689	23038248	18.573	18.7233	0|0	0|0	0|0
22	23038248	23042992	18.7233	18.7655	0|0	1|0	0|0
22	23042992	23057223	18.7655	18.9899	0|0	0|0	0|0
22	23057223	23073610	18.9899	19.0113	0|0	1|0	0|0
22	23073610	23227080	19.0113	19.5897	0|0	0|0	0|0
22	23227080	23231394	19.5897	19.6236	0|0	0|1	0|0
22	23231394	23828801	19.6236	20.7829	0|0	0|0	0|0
22	23828801	23846862	20.7829	20.8204	0|1	0|1	0|0
22	23846862	27517964	20.8204	30.2721	0|0	0|0	0|0
22	27517964	27519084	30.2721	30.2937	0|0	1|0	0|0
22	27519084	27663166	30.2937	31.0037	0|0	0|0	0|0
22	27663166	27663572	31.0037	31.0072	0|1	0|1	0|1
22	27663572	27792035	31.0072	31.6969	0|0	0|0	0|0
22	27792035	27792588	31.6969	31.737	0|0	0|0	0|1
22	27792588	29498862	31.737	34.1835	0|0	0|0	0|0
22	29498862	29520366	34.1835	34.2017	1|0	0|0	0|0
22	29520366	34402369	34.2017	39.6175	0|0	0|0	0|0
22	34402369	34405767	39.6175	39.6229	0|0	1|0	0|0
22	34405767	43533422	39.6229	51.2802	0|0	0|0	0|0
22	43533422	43535083	51.2802	51.2839	1|0	1|0	1|0
22	43535083	43638217	51.2839	51.5364	0|0	0|0	0|0
22	43638217	43639138	51.5364	51.5412	1|0	0|0	0|0
22	43639138	45011541	51.5412	55.6023	0|0	0|0	0|0
22	45011541	45011952	55.6023	55.6085	0|0	1|0	1|0
22	45011952	45260120	55.6085	56.9757	0|0	0|0	0|0
22	45260120	45263058	56.9757	57.0027	0|1	0|1	0|0
22	45263058	48172115	57.0027	63.6105	0|0	0|0	0|0
22	48172115	48192330	63.6105	63.6877	0|1	0|0	0|0
22	48192330	48820092	63.6877	66.2357	0|0	0|0	0|0
22	48820092	48843448	66.2357	66.3737	0|1	0|0	0|0
22	48843448	48856216	66.3737	66.3957	0|0	0|0	0|0
22	48856216	48858770	66.3957	66.4167	0|0	0|0	0|1
22	48858770	48953010	66.4167	66.7162	0|0	0|0	0|0
22	48953010	48958196	66.7162	66.7319	0|0	0|0	1|0
22	48958196	48994979	66.7319	67.247	0|0	0|0	0|0
22	48994979	48998766	67.247	67.3174	0|0	0|1	0|0
22	48998766	49001677	67.3174	67.3716	0|0	0|0	0|0
22	49001677	49003790	67.3716	67.4109	0|0	0|1	0|0
22	49003790	49038940	67.4109	67.7282	0|0	0|0	0|0
22	49038940	49047713	67.7282	67.7557	0|1	0|0	0|0
22	49047713	49098474	67.7557	68.0156	0|0	0|0	0|0
22	49098474	49099840	68.0156	68.022	0|0	0|0	1|0
22	49099840	49751512	68.022	71.6642	0|0	0|0	0|0
22	49751512	49751908	71.6642	71.693	0|0	1|0	0|0
22	49751908	49759466	71.693	71.7681	0|0	0|0	0|0
22	49759466	49777680	71.7681	71.8592	1|1	0|0	0|0
22	49777680	49844817	71.8592	72.5307	0|0	0|0	0|0
22	49844817	49849396	72.5307	72.6431	0|0	0|1	0|1
22	49849396	49928522	72.6431	73.1062	0|0	0|0	0|0
22	49928522	49928736	73.1062	73.1143	0|0	1|0	0|0
22	49928736	50342728	73.1143	73.6463	0|0	0|0	0|0
22	50342728	50344912	73.6463	73.6549	0|0	0|1	0|0
22	50344912	50988455	73.6549	74.7897	0|0	0|0	0|0
22	50988455	51031140	74.7897	74.8164	1|0	0|0	0|0
