Contig	Start(bp)	End(bp)	Start(cM)	End(cM)	Han-3	Han-1	Han-2
22	17081040	17092185	2.43673	2.46935	0|1	0|0	0|0
22	17092185	17156280	2.46935	2.48663	0|1	0|0	0|1
22	17156280	17302170	2.48663	2.7198	0|0	0|0	0|0
22	17302170	17333092	2.7198	2.75759	1|0	0|0	0|0
22	17333092	17452966	2.75759	3.13875	0|0	0|0	0|0
22	17452966	17488026	3.13875	3.14756	0|0	0|0	0|1
22	17488026	17526489	3.14756	3.30081	0|0	0|0	0|0
22	17526489	17569353	3.30081	3.36103	0|1	0|0	0|0
22	17569353	17589297	3.36103	3.79441	0|0	0|0	0|0
22	17589297	17597462	3.79441	3.80548	0|1	1|0	0|0
22	17597462	17609103	3.80548	3.82085	1|1	1|0	0|0
22	17609103	17713763	3.82085	4.18568	0|0	0|0	0|0
22	17713763	17717158	4.18568	4.28076	0|0	0|0	0|1
22	17717158	17824585	4.28076	5.28416	0|0	0|0	0|0
22	17824585	17834918	5.28416	5.39063	0|1	0|0	0|1
22	17834918	17842972	5.39063	5.40583	0|1	1|0	0|1
22	17842972	17861091	5.40583	5.47318	0|0	1|0	0|1
22	17861091	17861659	5.47318	5.48875	0|0	0|0	0|1
22	17861659	17996931	5.48875	6.01723	0|0	0|0	0|0
22	17996931	18061976	6.01723	6.21593	1|0	0|0	0|0
22	18061976	18271385	6.21593	6.5779	0|0	0|0	0|0
22	18271385	18276371	6.5779	6.6238	0|1	0|0	0|0
22	18276371	19155113	6.6238	9.7935	0|0	0|0	0|0
22	19155113	19526109	9.7935	9.91441	0|0	0|0	1|0
22	19526109	19729311	9.91441	10.6629	0|0	0|0	0|0
22	19729311	19733123	10.6629	10.7378	0|0	0|0	1|0
22	19733123	20233746	10.7378	11.7233	0|0	0|0	0|0
22	20233746	20273477	11.7233	11.8904	0|0	0|1	0|0
22	20273477	20302276	11.8904	12.1403	0|0	0|0	0|0
22	20302276	20311803	12.1403	12.1711	0|0	0|1	0|1
22	20311803	20731939	12.1711	13.1945	0|0	0|0	0|0
22	20731939	20767103	13.1945	13.2427	1|0	1|1	0|0
22	20767103	20773480	13.2427	13.2622	1|1	1|1	1|0
22	20773480	20790444	13.2622	13.2817	0|1	1|1	1|0
22	20790444	20794119	13.2817	13.2891	0|0	1|1	1|0
22	20794119	20795454	13.2891	13.2939	0|0	1|1	1|1
22	20795454	20855638	13.2939	13.3065	0|0	1|1	1|0
22	20855638	20868223	13.3065	13.3138	0|0	0|1	1|0
22	20868223	20945580	13.3138	13.3325	0|1	0|1	1|0
22	20945580	21416894	13.3325	14.8393	0|0	0|0	0|0
22	21416894	21442658	14.8393	14.9263	0|0	0|0	1|0
22	21442658	21456975	14.9263	15.0059	1|0	1|0	1|0
22	21456975	21932561	15.0059	16.1366	0|0	0|0	0|0
22	21932561	22000006	16.1366	16.2109	1|0	0|0	0|0
22	22000006	22077224	16.2109	16.2528	1|0	0|1	0|0
22	22077224	22275006	16.2528	16.3406	1|0	1|1	0|0
22	22275006	22349088	16.3406	16.3738	1|0	1|0	0|0
22	22349088	22498254	16.3738	16.9476	0|0	0|0	0|0
22	22498254	22524320	16.9476	16.9826	0|0	1|0	0|0
22	22524320	22902760	16.9826	18.2499	0|0	0|0	0|0
22	22902760	23016778	18.2499	18.5373	0|0	1|0	0|0
22	23016778	23022409	18.5373	18.6403	0|0	0|0	0|0
22	23022409	23028311	18.6403	18.686	0|0	1|0	0|0
22	23028311	23080686	18.686	19.0208	0|0	0|0	0|0
22	23080686	23113199	19.0208	19.0397	0|0	1|0	0|0
22	23113199	23138030	19.0397	19.1378	0|0	0|0	0|0
22	23138030	23139482	19.1378	19.1516	1|0	0|0	0|0
22	23139482	23302651	19.1516	19.9544	0|0	0|0	0|0
22	23302651	23606336	19.9544	20.1503	0|1	0|0	0|0
22	23606336	23817426	20.1503	20.7666	0|0	0|0	0|0
22	23817426	23823749	20.7666	20.7708	0|1	0|1	0|0
22	23823749	23963739	20.7708	21.5813	0|0	0|0	0|0
22	23963739	24033465	21.5813	21.6197	0|0	0|0	0|1
22	24033465	24680167	21.6197	22.6681	0|0	0|0	0|0
22	24680167	24979447	22.6681	22.8284	1|0	0|0	0|0
22	24979447	25296732	22.8284	23.5574	0|0	0|0	0|0
22	25296732	25377010	23.5574	23.7161	0|0	0|0	0|1
22	25377010	26667026	23.7161	26.9793	0|0	0|0	0|0
22	26667026	26691497	26.9793	27.0553	0|0	0|0	1|0
22	26691497	26692097	27.0553	27.0575	1|0	0|0	1|0
22	26692097	26718993	27.0575	27.1037	1|0	0|0	0|0
22	26718993	26915493	27.1037	27.7669	0|0	0|0	0|0
22	26915493	26929173	27.7669	27.8061	0|0	1|0	0|0
22	26929173	27488306	27.8061	30.1513	0|0	0|0	0|0
22	27488306	27515333	30.1513	30.2472	0|0	1|0	0|0
22	27515333	27628531	30.2472	30.668	0|0	0|0	0|0
22	27628531	27644305	30.668	30.7815	0|0	0|0	0|1
22	27644305	27900904	30.7815	32.3463	0|0	0|0	0|0
22	27900904	27901403	32.3463	32.3566	1|1	0|0	0|0
22	27901403	27977395	32.3566	32.7812	0|0	0|0	0|0
22	27977395	27995588	32.7812	32.8552	0|0	0|0	0|1
22	27995588	34100524	32.8552	39.1329	0|0	0|0	0|0
22	34100524	34113503	39.1329	39.1674	1|0	0|0	0|0
22	34113503	34117618	39.1674	39.1718	0|0	0|0	0|0
22	34117618	34153120	39.1718	39.2226	0|0	0|0	0|1
22	34153120	38819194	39.2226	47.576	0|0	0|0	0|0
22	38819194	38833595	47.576	47.5896	0|1	0|0	1|0
22	38833595	48962642	47.5896	66.7447	0|0	0|0	0|0
22	48962642	48970145	66.7447	66.7851	0|0	1|0	1|0
22	48970145	49306074	66.7851	69.2015	0|0	0|0	0|0
22	49306074	49319201	69.2015	69.2479	0|0	0|0	1|0
22	49319201	49750348	69.2479	71.6331	0|0	0|0	0|0
22	49750348	49751390	71.6331	71.6553	0|0	1|0	0|0
22	49751390	49753316	71.6553	71.751	0|0	0|0	0|0
22	49753316	49755495	71.751	71.759	0|1	0|0	0|0
22	49755495	49929315	71.759	73.1178	0|0	0|0	0|0
22	49929315	50065816	73.1178	73.1681	0|0	1|0	0|0
22	50065816	50145202	73.1681	73.449	0|0	0|0	0|0
22	50145202	50336305	73.449	73.6209	0|0	0|1	0|0
22	50336305	50940563	73.6209	74.7333	0|0	0|0	0|0
22	50940563	50988038	74.7333	74.7892	0|1	0|0	0|0
